! site-specific information: --------------
sand                          66.2          66.2          66.2          66.2          66.2          66.2          66.2          66.2          66.2          66.2          66.2          66.2          66.2          66.2          66.2          66.2          66.2          66.2          66.2          66.2          66.2          66.2          66.2          66.2          66.2          66.2          66.2          66.2          66.2          66.2          66.2          66.2          66.2          66.2          66.2          66.2          66.2          66.2          66.2          66.2          66.2          66.2          66.2          66.2      
clay                          7.7           7.7           7.7           7.7           7.7           7.7           7.7           7.7           7.7           7.7           7.7           7.7           7.7           7.7           7.7           7.7           7.7           7.7           7.7           7.7           7.7           7.7           7.7           7.7           7.7           7.7           7.7           7.7           7.7           7.7           7.7           7.7           7.7           7.7           7.7           7.7           7.7           7.7           7.7           7.7           7.7           7.7           7.7           7.7       
ksat                          2.9e-05       2.9e-05       2.9e-05       2.9e-05       2.9e-05       2.9e-05       2.9e-05       2.9e-05       2.9e-05       2.9e-05       2.9e-05       2.9e-05       2.9e-05       2.9e-05       2.9e-05       2.9e-05       2.9e-05       2.9e-05       2.9e-05       2.9e-05       2.9e-05       2.9e-05       2.9e-05       2.9e-05       2.9e-05       2.9e-05       2.9e-05       2.9e-05       2.9e-05       2.9e-05       2.9e-05       2.9e-05       2.9e-05       2.9e-05       2.9e-05       2.9e-05       2.9e-05       2.9e-05       2.9e-05       2.9e-05       2.9e-05       2.9e-05       2.9e-05       2.9e-05   
wsat                          0.2938        0.2938        0.2938        0.2938        0.2938        0.2938        0.2938        0.2938        0.2938        0.2938        0.2938        0.2938        0.2938        0.2938        0.2938        0.2938        0.2938        0.2938        0.2938        0.2938        0.2938        0.2938        0.2938        0.2938        0.2938        0.2938        0.2938        0.2938        0.2938        0.2938        0.2938        0.2938        0.2938        0.2938        0.2938        0.2938        0.2938        0.2938        0.2938        0.2938        0.2938        0.2938        0.2938        0.2938    
wfc                           0.0877        0.0877        0.0877        0.0877        0.0877        0.0877        0.0877        0.0877        0.0877        0.0877        0.0877        0.0877        0.0877        0.0877        0.0877        0.0877        0.0877        0.0877        0.0877        0.0877        0.0877        0.0877        0.0877        0.0877        0.0877        0.0877        0.0877        0.0877        0.0877        0.0877        0.0877        0.0877        0.0877        0.0877        0.0877        0.0877        0.0877        0.0877        0.0877        0.0877        0.0877        0.0877        0.0877        0.0877    
wwilt                         0.0735        0.0735        0.0735        0.0735        0.0735        0.0735        0.0735        0.0735        0.0735        0.0735        0.0735        0.0735        0.0735        0.0735        0.0735        0.0735        0.0735        0.0735        0.0735        0.0735        0.0735        0.0735        0.0735        0.0735        0.0735        0.0735        0.0735        0.0735        0.0735        0.0735        0.0735        0.0735        0.0735        0.0735        0.0735        0.0735        0.0735        0.0735        0.0735        0.0735        0.0735        0.0735        0.0735        0.0735    
bcoef                         3.95          3.95          3.95          3.95          3.95          3.95          3.95          3.95          3.95          3.95          3.95          3.95          3.95          3.95          3.95          3.95          3.95          3.95          3.95          3.95          3.95          3.95          3.95          3.95          3.95          3.95          3.95          3.95          3.95          3.95          3.95          3.95          3.95          3.95          3.95          3.95          3.95          3.95          3.95          3.95          3.95          3.95          3.95          3.95      
psisat                        0.26          0.26          0.26          0.26          0.26          0.26          0.26          0.26          0.26          0.26          0.26          0.26          0.26          0.26          0.26          0.26          0.26          0.26          0.26          0.26          0.26          0.26          0.26          0.26          0.26          0.26          0.26          0.26          0.26          0.26          0.26          0.26          0.26          0.26          0.26          0.26          0.26          0.26          0.26          0.26          0.26          0.26          0.26          0.26      
rhosoil                       1575.0        1575.0        1575.0        1575.0        1575.0        1575.0        1575.0        1575.0        1575.0        1575.0        1575.0        1575.0        1575.0        1575.0        1575.0        1575.0        1575.0        1575.0        1575.0        1575.0        1575.0        1575.0        1575.0        1575.0        1575.0        1575.0        1575.0        1575.0        1575.0        1575.0        1575.0        1575.0        1575.0        1575.0        1575.0        1575.0        1575.0        1575.0        1575.0        1575.0        1575.0        1575.0        1575.0        1575.0    
deglat                        45.82     
deglng                        -72.37    
slop                          0.02      
zusl                          10.0      
ztsl                          1.5       
observed_forcing              height    
draindens                     0.0       
vf                            0.0    0.0    0.0    0.0    0.0    0.0    0.0    0.0    0.0    0.0    0.0    0.0    1.0    0.0    0.0    0.0    0.0    0.0    0.0    0.0    0.0    0.0    0.0    0.0    0.0    0.0

! model internal parameters: --------------
SCHMSOL                       SVS
lsoil_freezing_svs1           .TRUE.
soiltext                      NIL
read_user_parameters          1
save_minutes_csv              0
water_ponding                 0
KFICE                         0
OPT_SNOW                      2
OPT_FRAC                      1
OPT_LIQWAT                    1
WAT_REDIS                     0
tperm                         280.15
user_wfcdp                    0.15
KHYD                          44

! state variables: --------------
wsoil                         0.0877        0.0877        0.0877        0.0877        0.0877        0.0877        0.0877        0.0877        0.0877        0.0877        0.0877        0.0877        0.0877        0.0877        0.0877        0.0877        0.0877        0.0877        0.0877        0.0877        0.0877        0.0877        0.0877        0.0877        0.0877        0.0877        0.0877        0.0877        0.0877        0.0877        0.0877        0.0877        0.0877        0.0877        0.0877        0.0877        0.0877        0.0877        0.0877        0.0877        0.0877        0.0877        0.0877        0.0877    
isoil                         0.0           0.0           0.0           0.0           0.0           0.0           0.0           0.0           0.0           0.0           0.0           0.0           0.0           0.0           0.0           0.0           0.0           0.0           0.0           0.0           0.0           0.0           0.0           0.0           0.0           0.0           0.0           0.0           0.0           0.0           0.0           0.0           0.0           0.0           0.0           0.0           0.0           0.0           0.0           0.0           0.0           0.0           0.0           0.0       
tpsoil                        293.0877      293.0877      293.0877      293.0877      293.0877      293.0877      293.0877      293.0877      293.0877      293.0877      293.0877      293.0877      293.0877      293.0877      293.0877      293.0877      293.0877      293.0877      293.0877      293.0877      293.0877      293.0877      293.0877      293.0877      293.0877      293.0877      293.0877      293.0877      293.0877      293.0877      293.0877      293.0877      293.0877      293.0877      293.0877      293.0877      293.0877      293.0877      293.0877      293.0877      293.0877      293.0877      293.0877      293.0877  
tvege                         293           293       
tground                       293           293       
tsnowveg                      0.0           0.0       
tsnow                         0.0           0.0       
snvdp                         0.0       
snvden                        0.0       
snval                         0.0       
wsnv                          0.0       
snodpl                        0.0       
snoden                        0.0       
snoal                         0.0       
wsnow                         0.0       
